933
769
646
625
691
878
446
427
78
698
924
735
112
644
481
115
716
569
408
872
649
616
285
853
592
528
133
193
896
999
645
743
806
725
85
786
984
745
795
468
103
198
123
688
558
124
364
166
601
272
181
640
734
204
333
2
175
871
255
906
434
708
237
188
47
487
637
572
695
240
254
561
220
661
853
399
764
123
848
243
43
919
709
899
95
585
35
639
134
45
495
830
551
736
715
217
510
910
330
408
66
237
794
831
555
723
347
629
107
67
314
392
976
265
225
584
819
480
185
515
946
357
384
889
988
695
928
433
337
907
740
503
255
853
177
591
257
439
264
195
975
76
312
579
912
101
78
806
55
32
260
591
458
187
891
622
113
742
1
623
424
780
31
738
608
258
627
926
177
816
952
120
337
219
818
205
929
898
667
75
759
330
694
431
198
382
421
12
471
146
67
274
24
456
452
91
349
42
212
281
290
116
454
217
988
536
312
555
669
476
676
426
774
350
30
656
44
877
595
989
182
462
344
555
847
511
695
912
487
26
616
526
20
824
844
45
765
304
328
583
870
216
321
531
674
29
492
663
859
416
449
76
160
779
473
297
831
574
825
751
306
635
605
903
629
942
719
941
773
547
742
70
227
519
544
239
479
306
153
864
204
31
165
602
116
769
821
587
346
25
621
494
63
119
185
583
645
738
420
137
114
951
450
290
530
169
434
249
493
803
368
137
506
892
841
964
4
186
836
469
441
498
422
30
972
745
582
487
565
366
251
446
692
705
380
555
557
48
18
914
965
584
790
344
69
603
859
500
32
896
813
954
238
378
676
633
876
965
598
576
81
425
918
126
135
704
741
295
931
283
668
323
626
262
701
630
342
242
469
172
570
647
765
209
720
668
908
612
695
1
169
957
818
307
80
532
193
587
498
508
313
341
849
918
966
954
801
504
660
613
426
135
698
583
929
622
857
155
148
569
414
939
656
572
444
370
53
932
862
830
635
979
394
624
584
353
777
635
648
94
66
655
951
339
939
989
43
412
208
838
523
474
935
295
973
15
22
628
503
734
614
539
156
119
817
49
677
579
367
516
924
991
930
325
23
348
959
413
490
707
187
479
43
845
925
12
327
638
955
54
248
212
536
967
503
130
327
316
582
931
504
513
379
296
339
912
447
942
547
71
414
8
738
701
535
610
63
799
982
517
395
205
695
85
176
855
174
121
828
879
316
736
845
273
61
390
485
830
27
374
233
181
102
31
878
288
378
644
499
840
565
336
920
614
381
214
169
261
39
781
970
152
469
63
934
354
126
580
328
540
519
555
429
230
387
905
518
357
593
319
791
720
977
85
397
563
194
45
809
126
148
252
920
364
118
798
226
218
873
298
440
998
161
839
358
793
953
720
730
920
988
204
716
92
505
515
382
88
542
61
361
729
723
443
153
400
993
23
58
871
389
109
396
368
140
947
179
282
38
329
1000
143
932
144
708
761
27
573
599
444
304
853
262
915
248
652
762
111
743
933
2
414
824
91
296
123
959
118
75
503
199
847
531
989
24
669
292
897
375
998
697
720
898
706
769
445
276
883
57
664
283
398
792
405
934
803
211
369
926
146
801
737
228
728
52
195
431
378
718
265
818
199
337
687
443
25
576
411
703
757
285
692
939
911
178
351
705
121
131
841
753
360
685
30
413
179
715
651
436
510
724
488
946
871
659
424
338
926
786
479
484
277
386
539
147
390
209
351
232
528
363
183
97
1000
341
915
551
172
945
244
559
661
172
819
991
564
799
578
48
64
958
638
158
721
207
497
592
889
509
441
118
819
711
443
694
911
761
427
488
285
490
72
276
994
856
410
739
146
692
175
687
196
269
487
463
349
281
778
422
451
709
676
616
107
186
833
560
891
358
905
804
502
246
949
678
101
473
823
518
234
683
349
803
579
946
101
537
266
753
874
916
572
389
152
563
772
865
931
581
60
658
171
726
712
382
360
250
50
95
683
531
726
670
359
396
279
21
461
891
340
851
351
395
952
368
859
831
896
876
433
942
545
278
783
31
821
37
637
269
256
331
969
724
375
472
529
980
23
995
83
845
100
787
948
642
683
918
175
342
9
301
538
506
328
206
64
288
618
260
340
162
233
196
509
34
184
999
783
632
836
777
820
9
713
381
493
753
174
939
966
363
740
616
338
647
855
910
947
887
849
886
802
543
735
939
273
756
882
247
574
821
710
832
868
856
255
71
618
110
737
792
227
570
159
106
616
993
676
551
835
181
383
426
246
321
757
46
795
942
121
446
486
746
948
112
109
41
10
965
101
125
695
441
809
680
373
136
900
239
437
948
641
767
800
