713
396
916
785
857
207
472
679
25
150
915
514
868
307
766
772
531
44
996
150
188
498
177
304
555
371
342
37
962
433
531
997
244
683
535
908
687
262
682
569
43
101
935
455
82
302
564
478
940
816
695
580
846
666
459
734
734
798
543
659
764
487
189
581
243
602
879
685
559
937
120
871
625
392
722
662
461
478
920
821
61
419
74
344
641
22
236
944
1000
151
203
581
51
736
455
234
329
744
484
848
149
818
754
285
836
771
169
532
83
453
659
131
955
634
791
60
186
975
30
662
647
889
868
362
940
928
384
861
784
669
983
812
499
129
659
996
439
286
957
976
365
700
534
515
513
528
110
755
743
337
383
370
273
847
572
899
508
958
199
798
924
830
822
939
774
758
358
174
54
678
488
207
856
146
26
835
485
674
50
721
788
380
868
535
803
821
782
457
748
806
107
647
13
538
651
377
425
958
199
114
679
200
454
720
360
984
354
477
26
196
436
646
918
322
16
647
244
2
997
184
427
383
374
643
590
467
990
10
199
14
806
844
308
572
470
194
43
557
135
145
289
445
300
825
698
465
829
932
422
249
213
687
785
677
304
878
104
582
394
767
200
427
555
385
281
38
491
218
5
494
182
771
415
869
66
838
703
518
531
88
822
200
150
996
196
83
71
390
468
975
658
550
647
575
955
560
11
39
912
572
936
322
970
972
184
751
151
75
260
756
698
987
840
521
692
559
381
953
430
667
257
955
119
865
711
272
652
155
860
232
840
329
325
926
517
94
226
776
501
871
44
810
280
247
781
233
912
524
568
623
584
876
237
28
186
224
895
7
144
42
966
909
273
827
853
791
924
721
809
172
920
692
183
501
53
881
845
595
30
897
418
672
230
958
362
490
151
288
593
72
738
253
398
670
938
53
598
916
558
301
618
525
856
591
388
294
767
687
287
83
825
737
560
837
261
194
317
663
542
411
938
875
297
400
695
716
296
614
79
929
498
128
879
877
543
270
283
890
510
247
508
432
127
237
308
780
646
920
851
194
832
581
388
659
305
903
210
629
607
380
929
925
690
767
545
634
35
841
167
40
147
546
683
405
529
905
823
516
833
417
151
525
165
681
848
743
326
973
536
368
602
474
989
304
610
993
428
54
432
648
429
656
98
94
312
346
932
29
546
306
877
141
428
993
521
348
440
25
441
195
102
161
274
691
657
870
137
939
293
979
202
377
877
611
447
379
363
635
994
217
183
207
747
582
512
223
960
819
228
148
194
347
451
5
174
648
916
94
550
818
582
367
254
610
961
830
760
458
841
102
971
417
658
392
637
521
181
277
161
827
756
299
373
529
880
797
174
996
825
431
696
708
216
664
69
543
903
523
920
728
317
882
358
869
580
119
973
326
942
819
289
991
18
349
471
362
349
293
491
332
923
340
678
388
129
816
634
33
939
870
68
971
726
971
45
659
752
427
15
604
295
772
523
183
287
481
220
356
973
61
395
299
833
637
434
628
296
197
692
591
983
586
402
452
360
958
361
830
644
774
289
284
368
920
489
79
103
128
434
777
461
616
102
579
389
466
448
12
411
950
41
612
881
799
949
113
157
819
339
570
279
690
886
817
100
369
565
85
371
950
424
258
659
537
947
530
140
803
867
869
257
130
375
580
352
837
721
752
425
592
473
1
415
481
880
815
646
627
416
226
491
42
576
119
853
835
544
591
263
106
696
708
980
946
146
152
382
76
748
646
850
833
115
704
684
413
306
259
63
305
469
327
1000
754
76
323
584
766
872
948
658
272
399
28
624
735
447
925
733
850
711
195
330
76
405
288
716
44
427
766
103
414
333
324
819
763
813
316
440
168
206
11
763
916
94
902
324
924
270
545
645
747
89
809
344
612
401
999
104
911
79
506
103
554
586
190
218
500
373
645
612
786
319
463
598
927
807
398
384
718
176
807
756
863
811
91
152
838
247
733
687
713
925
275
831
931
436
221
846
279
327
695
135
484
234
768
482
667
290
244
63
262
877
841
95
156
587
870
53
132
975
320
375
510
178
585
68
160
47
790
830
435
843
291
999
482
331
209
41
640
152
810
433
984
505
524
983
269
358
153
998
968
636
723
591
652
237
306
603
663
176
401
949
388
788
20
922
647
202
912
921
211
280
986
208
435
158
560
617
981
843
252
503
888
90
958
391
62
28
70
935
674
350
102
973
569
300
252
630
22
307
29
16
209
990
164
595
564
347
798
387
968
794
130
827
52
598
43
159
763
988
422
150
17
196
512
521
803
539
859
559
655
765
680
717
844
725
443
617
798
824
480
934
106
431
231
4
365
613
335
994
6
137
461
650
312
145
650
301
673
977
767
617
369
279
297
318
16
127
164
32
514
864
893
671
53
281
223
134
124
574
375
89
737
851
849
390
392
471
240
43
851
635
742
885
182
116
567
184
927
984
854
228
568
406
877
476
344
547
812
953
367
411
814
759
995
615
157
921
673
752
181
187
543
214
263
979
323
572
717
350
232
811
253
13
995
927
767
601
130
703
358
320
422
62
277
847
121
771
719
216
451
138
363
907
341
170
75
545
192
14
891
72
611
614
222
287
625
617
899
533
351
71
95
947
1
132
928
698
742
729
157
58
57
598
8
304
14
726
699
266
747
39
728
440
824
306
332
916
687
280
199
966
182
526
62
631
161
375
250
109
796
45
537
993
914
797
109
259
216
417
500
960
697
575
918
560
30
708
997
299
471
996
555
991
200
110
495
849
540
89
98
48
85
444
42
272
130
563
408
957
852
217
535
777
711
962
153
991
699
415
498
417
357
522
197
632
935
253
601
677
402
982
445
454
312
208
155
318
797
302
794
886
216
813
287
998
105
585
636
412
277
671
571
362
627
901
185
473
936
736
619
603
772
839
917
734
142
87
244
937
729
245
910
324
152
212
210
639
292
922
848
481
305
1
588
537
406
398
881
693
553
370
271
797
797
164
915
244
202
174
214
198
848
32
463
354
421
822
140
753
285
720
135
601
423
139
520
733
361
67
791
410
5
334
289
870
963
989
200
121
622
928
578
574
284
118
638
111
359
177
601
181
636
891
653
191
814
318
944
44
656
457
214
217
676
163
672
790
786
197
455
18
161
909
176
885
129
573
450
581
43
77
948
965
635
431
458
163
166
733
321
160
678
463
965
751
978
162
534
583
378
626
950
404
504
680
126
176
743
558
686
576
918
832
753
298
74
292
565
399
944
735
543
984
418
625
560
231
801
697
757
610
625
656
804
918
349
982
165
834
661
649
783
985
192
500
18
534
683
27
694
69
982
209
535
594
246
969
488
890
409
196
276
823
821
178
940
495
58
96
99
737
177
796
890
142
849
644
136
843
257
819
712
606
301
436
92
33
156
699
852
368
733
422
470
739
783
237
923
308
485
163
130
813
879
354
272
853
561
50
733
418
529
684
370
457
876
60
161
973
477
671
348
867
2
911
57
640
740
570
210
963
677
180
593
943
316
193
503
245
601
514
586
260
571
55
742
472
844
309
108
592
446
184
525
837
568
647
981
668
399
555
686
232
988
769
240
620
724
469
246
558
86
136
507
132
729
427
227
904
298
167
393
650
184
813
38
75
173
897
841
466
563
97
476
466
641
820
648
147
913
257
773
15
895
401
791
652
629
927
609
665
190
827
145
964
55
735
819
697
291
150
838
277
191
63
788
239
618
56
833
38
326
282
115
606
810
244
283
290
847
538
924
127
151
886
408
264
628
520
355
225
535
458
640
513
979
723
317
696
324
749
873
587
441
769
43
219
670
747
283
433
760
371
533
545
893
993
165
681
629
785
866
95
694
641
99
608
918
509
980
252
910
720
322
79
537
756
489
233
644
509
66
512
102
239
229
54
689
440
514
535
186
427
516
603
635
92
944
561
975
249
774
796
324
869
948
376
73
115
602
109
785
16
424
941
922
881
977
380
205
781
80
291
732
614
918
634
33
577
270
61
845
972
12
314
149
817
612
246
470
59
844
11
675
817
165
227
827
380
486
857
522
398
782
461
86
928
464
400
69
951
581
505
820
647
777
702
183
17
493
980
797
925
277
773
348
805
343
515
436
495
203
779
136
813
527
714
677
222
673
938
336
498
513
600
494
997
416
673
25
121
853
362
822
402
614
45
362
335
880
858
198
785
486
369
548
432
489
20
746
714
986
60
456
192
766
576
851
64
699
901
638
365
581
260
610
953
426
358
358
847
765
235
697
290
57
768
768
170
198
179
886
52
835
865
915
725
86
426
939
543
106
347
333
545
769
205
47
499
935
536
785
127
604
492
956
83
273
397
238
978
493
932
991
552
398
994
893
813
460
938
153
754
676
50
289
505
912
597
532
4
807
261
713
16
759
197
431
872
251
918
904
888
950
839
612
87
427
199
579
343
375
633
294
406
739
896
178
935
143
191
882
753
963
941
99
853
209
440
319
130
921
941
80
690
674
292
127
272
453
342
684
124
913
586
284
469
646
244
765
310
666
452
456
748
894
355
93
958
481
989
303
611
339
113
502
907
830
671
537
765
943
30
158
251
309
717
898
504
848
741
276
426
500
275
895
486
67
24
792
795
273
685
652
486
422
341
713
486
833
68
904
797
515
612
106
928
484
565
850
952
78
415
291
753
955
137
567
926
37
360
46
989
298
904
998
553
30
105
256
24
704
180
962
859
874
407
729
213
72
198
793
782
204
392
265
877
491
564
745
731
371
422
800
57
52
153
855
17
833
554
970
61
866
304
782
574
548
23
510
583
861
478
312
932
975
13
417
766
199
123
383
607
377
488
263
504
258
177
33
913
224
128
969
386
136
764
62
931
140
835
592
596
732
639
452
342
53
793
979
351
650
980
383
257
336
546
470
690
38
482
103
429
758
12
278
97
225
163
425
728
132
382
248
577
355
931
175
554
471
543
641
859
139
346
90
610
763
74
285
220
888
681
107
748
345
121
703
342
958
471
146
583
752
682
656
931
698
412
996
471
873
68
693
720
51
86
410
455
226
504
833
979
720
758
589
860
123
43
630
668
174
190
471
375
989
222
965
288
62
238
837
263
374
372
869
518
982
589
43
992
517
966
334
665
126
877
321
295
565
564
792
437
66
350
266
214
683
59
423
549
851
594
410
943
628
311
575
605
33
408
604
243
483
567
840
6
198
947
542
730
410
643
936
872
321
458
931
88
901
206
713
712
582
894
666
621
374
185
892
993
897
623
828
196
220
338
492
432
674
328
592
148
452
543
388
642
141
885
279
858
621
842
54
79
166
782
570
576
306
30
203
562
769
509
407
615
40
485
846
503
846
944
725
753
836
247
169
25
146
249
531
253
284
862
701
735
313
233
660
840
350
401
55
122
579
549
995
22
39
352
113
730
545
521
387
841
37
701
132
577
755
818
281
400
974
428
773
939
543
518
625
231
304
161
565
471
348
960
600
933
640
847
609
19
185
820
480
106
521
186
245
21
1
729
115
661
662
7
790
271
163
979
424
15
233
799
840
973
510
956
949
920
467
382
74
99
524
970
110
779
233
104
610
945
677
198
872
368
739
869
357
637
74
712
813
114
539
249
36
149
494
837
477
309
828
251
532
732
783
992
627
666
642
278
717
877
319
467
373
151
636
71
604
80
229
766
1
622
948
776
890
245
724
751
368
901
97
119
507
12
833
128
40
139
15
631
30
297
525
959
426
189
564
838
655
568
310
691
237
157
180
793
41
613
884
329
693
44
75
517
415
102
841
821
28
40
989
822
664
405
109
446
12
302
679
300
720
123
904
665
499
283
220
28
739
191
736
781
943
156
479
680
331
548
392
63
951
436
195
108
197
736
243
369
719
532
613
508
937
513
477
269
368
812
434
652
967
47
426
364
167
203
69
162
651
195
347
262
399
270
600
82
976
965
615
960
799
146
171
727
429
681
598
24
277
854
256
507
785
269
373
415
770
157
660
927
542
168
604
985
857
416
861
866
471
326
271
574
130
700
996
866
550
504
960
206
24
913
561
797
52
539
620
515
587
806
115
591
694
633
946
60
549
230
863
177
142
203
209
865
272
420
114
588
301
62
286
985
834
362
441
716
552
140
867
694
377
433
903
444
613
233
827
116
372
631
154
107
838
178
511
318
732
526
770
907
382
9
192
267
670
204
834
683
554
97
912
130
14
981
360
679
601
402
598
650
896
942
985
619
407
685
909
602
905
743
280
587
497
427
353
6
865
240
722
989
998
626
784
365
497
241
223
201
841
971
291
310
58
207
413
80
249
222
984
137
591
231
238
831
663
8
351
156
45
862
834
112
126
850
19
216
589
959
473
497
19
737
508
395
710
453
464
622
311
459
285
773
147
94
136
516
199
498
275
986
350
968
466
629
913
305
952
566
609
739
50
46
524
498
243
749
909
7
347
145
239
488
305
816
183
460
354
121
943
750
479
794
477
628
14
414
726
480
380
570
387
82
446
358
216
754
953
237
710
177
378
505
144
540
137
538
893
515
740
827
842
484
667
298
341
536
282
180
526
557
519
234
531
922
883
473
882
951
254
599
909
291
389
20
304
692
831
786
694
523
134
289
686
106
913
280
595
12
452
118
274
420
965
716
433
816
70
195
715
626
978
729
575
445
512
432
63
453
44
339
918
258
530
501
767
124
506
524
495
55
248
799
564
595
974
313
310
500
562
163
115
387
352
277
917
239
28
378
916
194
597
440
7
213
180
547
800
431
514
608
460
782
898
941
49
62
437
598
58
457
721
421
981
966
404
399
164
605
588
827
752
314
200
644
244
318
606
274
11
455
688
432
344
105
350
223
523
941
491
578
222
650
570
301
585
60
494
328
562
640
541
260
524
161
184
730
328
619
495
150
557
666
764
854
736
741
478
831
561
877
639
15
353
504
620
774
22
324
577
194
885
534
417
328
944
45
170
334
48
997
519
211
702
989
718
31
222
135
920
700
620
533
173
65
963
367
139
618
511
148
889
460
472
511
531
944
919
876
315
934
379
105
847
424
798
43
127
437
831
158
833
913
729
608
588
115
747
372
603
389
853
24
781
610
420
182
644
133
230
160
65
292
116
833
54
63
454
575
368
950
95
809
837
446
323
702
302
932
633
906
420
831
477
471
816
139
303
466
409
670
447
620
26
997
396
877
738
826
22
574
725
514
934
652
208
589
68
755
456
688
323
96
568
732
57
100
4
772
936
250
809
532
315
828
306
143
314
706
658
419
12
290
47
834
79
426
288
803
56
220
771
670
610
166
395
649
886
648
800
921
139
502
414
443
887
586
411
719
12
620
781
20
166
678
429
322
257
680
913
861
598
800
12
575
429
744
395
842
792
482
461
172
257
2
118
336
755
693
781
355
815
376
828
54
306
396
733
751
892
370
44
725
575
983
312
536
892
730
382
818
536
130
620
431
481
452
484
489
369
412
481
763
355
455
259
406
184
318
872
945
549
475
957
604
714
979
730
453
782
84
165
761
408
5
227
685
187
938
838
293
328
707
653
232
324
183
663
40
383
382
453
780
884
561
6
846
767
972
400
138
339
929
436
390
679
163
853
301
500
391
960
771
86
102
174
792
891
127
94
966
826
913
805
176
356
880
545
825
60
239
544
428
79
997
615
391
884
848
800
272
45
842
194
67
295
628
396
658
617
121
260
209
331
558
107
302
626
725
735
983
143
99
404
106
876
687
630
578
356
109
191
453
801
796
890
434
157
51
309
657
994
203
777
45
535
766
862
404
842
559
802
393
475
80
498
351
686
30
785
865
608
755
413
388
821
706
523
724
640
937
605
505
784
395
980
489
901
299
603
963
238
583
50
857
119
329
145
738
274
82
327
615
829
68
44
607
738
898
194
90
326
177
873
288
516
118
860
165
341
78
872
257
583
528
352
837
224
801
378
427
751
542
848
37
655
746
147
1000
557
591
112
223
61
545
707
927
739
647
821
540
105
665
720
553
115
481
18
282
344
546
834
450
639
227
894
307
98
450
847
330
249
992
205
521
785
806
328
21
468
369
567
473
83
916
413
988
402
323
593
3
950
293
17
841
645
717
124
11
346
666
209
478
783
649
977
717
829
232
2
672
304
672
967
582
756
702
754
638
992
203
825
285
35
160
281
3
409
878
663
643
577
987
383
411
383
421
815
823
911
420
791
705
33
783
566
348
575
297
179
351
677
61
564
355
131
228
688
932
281
916
77
320
291
382
529
711
88
103
420
925
628
751
498
755
784
27
636
357
475
463
630
468
653
592
52
576
634
985
866
45
767
55
704
437
548
143
302
819
10
764
548
6
648
601
636
107
335
767
723
634
649
706
340
731
269
184
32
769
800
222
71
736
513
868
508
581
375
77
503
536
228
305
13
978
901
693
279
52
227
778
538
421
147
547
856
448
593
258
88
798
826
359
902
28
169
943
838
4
671
898
721
343
347
867
933
963
581
735
789
581
496
738
965
382
789
257
794
900
920
234
970
688
786
386
801
114
942
775
128
212
821
244
189
16
462
671
205
394
478
864
83
536
714
98
775
249
486
474
529
637
104
692
293
208
324
38
478
123
320
720
516
603
902
911
732
592
684
882
965
114
941
420
898
170
346
501
524
645
602
148
25
405
24
905
426
128
207
953
724
460
848
350
266
794
960
287
88
431
911
724
930
130
401
780
681
510
655
184
684
349
499
217
71
256
104
858
919
141
804
482
758
565
798
914
188
803
728
114
419
595
47
217
878
770
102
608
918
55
353
153
167
371
386
310
322
992
828
358
989
83
276
632
396
668
885
6
677
806
66
775
207
233
944
622
539
727
865
329
362
721
136
133
973
715
464
318
641
801
268
874
835
187
518
862
76
816
729
626
347
733
207
237
739
872
676
672
275
227
805
939
624
674
126
251
883
53
758
989
329
869
622
801
240
398
407
113
722
729
135
648
525
103
720
636
950
367
656
236
438
534
627
609
166
440
100
775
669
759
555
599
466
944
33
394
590
58
228
997
798
614
453
317
96
212
974
613
496
844
792
747
702
8
213
521
252
779
859
832
829
812
989
663
903
196
673
769
307
651
766
910
750
795
973
864
152
519
811
595
442
465
768
687
321
510
36
433
448
788
925
331
927
804
882
860
49
301
665
495
19
187
252
318
299
843
580
786
500
773
745
473
788
271
968
790
859
963
735
140
567
327
687
341
175
590
716
851
864
957
361
126
923
302
843
235
650
80
288
369
254
607
159
876
341
83
529
880
141
426
360
144
441
839
578
610
639
121
505
25
200
303
623
304
783
971
165
681
130
430
730
467
583
426
511
631
699
830
839
822
233
699
456
656
42
259
465
200
107
58
712
274
252
538
462
285
911
367
33
715
971
967
286
630
473
338
702
383
329
306
102
553
859
565
589
334
268
386
932
78
28
45
455
217
252
826
980
733
112
105
905
725
580
395
592
51
868
920
772
823
321
241
540
831
525
215
92
58
80
308
355
408
218
826
102
577
20
344
282
528
294
603
333
874
106
262
510
643
804
584
230
546
289
295
738
705
942
855
170
336
612
864
135
353
2
308
25
741
424
51
717
124
922
659
873
161
247
603
795
813
979
513
182
389
850
865
539
116
869
258
575
43
198
356
622
757
308
627
531
314
887
925
141
936
475
984
408
933
640
166
508
883
454
663
233
163
95
56
627
472
349
134
952
644
808
385
721
337
351
147
83
43
64
592
299
168
939
420
744
73
776
143
735
154
163
921
266
920
877
684
727
674
221
414
562
792
998
372
987
264
74
342
27
776
611
221
320
283
942
301
780
622
930
899
80
533
542
754
580
292
38
166
963
200
973
453
839
52
974
498
729
890
874
458
634
949
534
872
364
991
38
242
488
992
187
940
530
625
702
691
363
313
779
219
710
439
443
612
712
426
189
436
487
104
28
254
944
579
253
645
339
523
463
993
195
422
357
314
297
868
52
115
982
764
365
749
718
585
286
973
530
255
75
481
168
226
916
226
481
890
588
878
573
978
202
549
624
506
240
130
544
218
803
16
415
344
483
674
702
858
910
998
845
507
929
672
597
459
927
608
767
338
111
771
954
331
242
769
727
900
850
777
761
317
160
380
492
71
51
151
567
176
916
988
488
762
49
997
489
23
534
287
40
509
367
885
948
908
513
619
294
208
299
537
538
94
704
106
621
562
603
626
217
898
629
794
765
886
70
122
310
184
731
92
30
855
53
135
888
240
523
187
261
193
141
576
557
128
776
28
246
527
965
733
545
712
47
855
700
930
316
969
629
881
404
178
866
927
658
293
80
62
625
379
275
955
365
596
743
826
61
746
695
899
796
353
7
786
58
784
694
355
361
447
452
908
20
439
501
690
790
275
880
307
396
794
674
589
472
277
761
793
704
977
647
238
204
372
568
455
432
649
28
283
498
739
635
588
244
950
257
711
958
546
41
663
108
463
195
689
826
978
294
795
513
89
188
789
246
170
803
491
121
224
39
701
604
143
903
907
285
188
695
413
424
875
266
848
721
549
60
544
158
235
473
588
633
314
4
915
573
571
9
175
846
640
889
211
482
731
445
465
224
758
500
921
819
176
409
311
947
573
771
500
995
325
865
587
379
204
429
871
109
220
888
633
30
381
803
212
456
968
119
947
536
982
408
192
523
654
815
313
262
739
917
61
489
997
626
161
577
348
367
226
999
493
987
580
579
372
734
505
686
150
648
506
245
544
273
326
2
187
390
914
14
872
24
760
815
377
103
169
340
770
577
256
138
402
951
41
697
562
510
753
790
927
662
944
469
621
103
646
647
95
676
385
26
308
649
702
72
318
122
879
349
31
724
887
271
127
883
86
950
775
271
61
166
368
629
919
933
853
507
374
337
535
657
962
50
862
37
890
517
594
47
801
620
337
192
399
141
452
350
720
930
194
845
440
233
833
851
117
405
804
649
963
969
974
985
828
406
121
71
95
180
18
207
350
83
15
474
670
951
822
366
436
833
347
103
156
815
307
714
506
237
307
778
144
116
269
490
211
148
40
302
566
877
829
331
367
321
923
641
873
61
265
520
523
668
664
540
183
535
813
778
3
900
445
732
32
216
766
445
659
444
312
130
354
149
233
230
192
401
424
469
649
566
47
265
163
976
107
595
448
369
493
784
296
974
777
85
485
698
913
586
222
862
209
491
996
756
588
91
35
802
136
494
974
734
923
451
578
82
833
994
987
177
540
876
196
448
69
117
155
792
317
404
505
832
117
129
499
914
982
236
76
336
387
533
785
783
942
636
9
765
624
31
469
565
47
898
759
349
782
720
293
26
776
835
193
915
753
101
412
30
427
804
294
894
238
560
418
835
515
942
668
635
974
157
528
617
566
942
542
91
581
326
63
229
688
363
176
69
981
295
886
881
356
717
731
906
784
585
496
542
878
854
669
450
239
677
936
878
904
482
656
559
724
133
630
642
464
565
723
619
412
830
592
363
244
625
591
49
292
688
633
93
994
886
78
670
155
39
832
618
91
65
336
355
774
914
731
381
33
787
796
501
865
857
66
993
74
906
864
768
643
750
535
435
969
788
297
565
809
971
261
636
131
715
747
313
799
356
870
677
638
711
754
245
832
428
433
997
221
205
215
400
513
782
497
732
283
134
910
446
372
720
911
984
1000
969
508
573
164
229
353
830
952
186
286
582
856
916
741
204
940
203
183
587
921
319
764
765
232
45
943
587
114
336
22
68
224
310
552
967
248
416
371
352
620
910
332
184
663
89
981
64
731
692
696
936
271
713
881
938
240
402
524
33
860
757
672
564
948
456
218
983
506
901
167
271
102
274
709
921
11
286
921
38
723
796
722
844
114
160
31
183
385
667
782
157
758
625
497
688
27
953
238
69
999
294
888
142
165
917
795
398
44
810
834
427
817
135
999
888
80
503
420
839
301
134
236
424
332
532
755
271
812
314
644
764
176
593
338
772
710
251
615
463
344
999
506
129
563
91
299
359
375
470
515
739
269
985
702
945
90
904
32
944
544
904
472
940
748
766
790
371
60
64
918
504
201
138
409
585
329
241
889
808
799
178
524
732
11
147
302
388
121
523
194
13
683
261
528
301
435
1
547
903
658
868
916
609
480
502
10
412
445
725
652
390
957
325
403
457
229
833
369
552
605
451
990
409
643
7
488
309
396
121
459
327
65
241
970
157
471
317
809
20
232
549
803
48
765
35
376
336
805
837
39
692
755
157
611
397
18
340
280
588
915
243
533
827
311
181
797
682
622
562
529
30
69
208
780
129
548
784
391
366
544
898
466
752
511
60
412
321
430
100
101
7
916
806
262
706
856
201
764
50
785
295
707
301
657
258
370
692
412
681
96
101
468
597
575
956
344
266
231
978
239
679
165
630
429
843
784
328
300
43
937
7
858
619
199
160
914
827
29
197
911
54
79
955
74
560
581
487
79
545
940
662
526
231
556
961
91
383
927
830
225
60
419
173
716
495
325
320
426
911
827
152
111
819
708
112
171
242
173
475
923
42
734
51
249
482
947
9
875
640
906
356
150
934
40
229
663
191
407
224
857
268
452
234
788
217
79
905
376
674
862
106
360
751
319
893
826
694
571
146
423
105
809
372
272
901
542
465
396
398
478
241
583
848
469
881
907
855
689
658
632
511
517
816
799
433
275
44
579
686
722
9
18
821
419
455
863
409
613
635
843
216
94
359
67
472
390
233
628
591
41
624
626
520
348
88
781
387
979
688
18
143
512
133
388
373
526
17
20
491
143
700
625
339
779
760
504
705
251
642
541
837
869
954
528
649
293
352
476
709
603
444
385
687
636
177
958
381
183
588
406
822
924
709
594
45
800
859
972
942
165
368
732
315
521
832
515
187
575
581
677
430
961
975
86
509
225
490
240
421
890
271
379
220
49
638
712
754
686
942
415
523
441
279
648
418
166
609
992
240
311
70
31
794
527
917
943
973
49
259
356
508
349
431
12
289
367
166
834
155
298
230
76
381
565
152
854
811
453
150
402
287
797
199
678
808
612
482
691
514
553
961
722
973
351
763
58
15
174
617
718
428
7
192
796
3
304
44
331
862
72
533
207
215
612
664
366
726
872
139
599
709
252
217
341
323
12
114
404
853
976
122
713
856
558
312
484
823
445
177
388
178
657
659
770
84
946
337
618
612
760
951
173
256
308
693
760
516
129
397
626
53
762
981
941
429
515
140
110
299
272
744
876
641
522
720
259
682
968
286
192
326
900
368
300
882
257
336
346
371
896
570
377
606
782
529
350
517
371
247
918
369
432
148
640
773
668
566
37
414
589
694
636
218
175
404
296
836
297
890
120
215
85
201
319
408
250
184
140
130
226
726
286
17
522
140
231
427
870
543
155
977
505
542
821
796
938
91
95
265
995
706
539
331
960
178
516
180
330
172
698
653
366
775
795
41
166
816
877
937
688
180
515
238
846
787
800
125
608
555
900
562
228
814
258
798
727
506
704
363
977
576
726
855
240
377
135
450
276
835
758
506
413
276
57
865
931
42
484
943
109
627
464
285
34
36
210
908
375
672
7
140
628
217
132
15
200
800
292
294
194
912
403
952
584
476
800
535
934
153
153
381
33
584
1
332
758
227
278
799
473
368
483
506
310
194
687
553
999
552
457
455
405
706
415
410
700
100
887
292
587
345
861
53
934
747
686
960
204
499
492
968
155
638
489
242
3
895
267
747
151
539
458
581
141
999
46
492
305
296
832
602
837
450
519
712
373
953
638
10
329
739
714
767
792
470
989
388
169
709
447
89
255
93
394
381
494
744
657
932
61
724
774
895
278
256
209
918
478
799
481
540
445
688
740
662
500
95
960
895
40
187
463
950
797
129
802
515
100
488
227
395
686
904
230
659
511
474
206
518
972
984
142
502
970
245
226
269
475
834
13
563
173
490
700
427
795
281
192
42
789
730
248
451
768
274
321
633
608
763
706
278
944
597
925
69
243
542
849
322
687
878
905
687
478
944
689
925
87
720
423
269
32
323
156
185
411
29
467
962
682
26
769
710
343
444
436
421
355
815
458
181
214
721
798
385
543
822
145
192
636
815
412
698
375
922
422
891
894
825
594
495
383
838
496
254
420
883
811
191
800
775
988
296
774
730
74
222
720
141
228
51
653
775
789
843
869
292
354
989
731
168
414
24
32
428
872
737
313
944
436
427
842
231
192
305
269
58
554
759
683
566
957
50
86
256
565
656
258
79
53
5
467
860
472
397
948
799
771
270
833
351
941
5
134
316
809
224
905
36
994
383
456
856
847
496
599
934
460
738
291
488
317
299
391
493
284
612
688
84
787
280
841
231
55
201
191
600
891
593
449
829
670
602
707
298
497
260
748
132
182
997
317
234
162
486
637
202
798
54
931
40
400
606
231
431
381
947
267
547
544
900
887
937
678
135
181
206
826
151
529
842
333
290
428
43
390
705
131
439
222
88
564
376
173
906
922
754
935
407
64
378
251
511
530
993
163
209
584
350
117
619
311
381
128
469
681
916
498
258
74
177
322
501
492
788
475
489
571
654
404
277
417
122
940
542
245
386
244
638
743
906
645
437
656
651
459
422
702
729
3
493
686
15
287
757
989
52
599
205
176
222
970
394
134
824
227
205
715
736
277
459
817
603
37
926
535
678
182
967
835
764
246
500
291
424
457
674
594
275
420
703
508
989
534
51
552
382
562
443
293
163
89
341
264
363
396
821
927
580
791
557
592
639
413
940
298
412
630
674
450
30
631
694
298
535
148
287
407
335
226
197
972
751
548
966
344
849
744
290
598
189
785
240
421
478
707
233
554
397
157
366
617
13
533
940
500
463
978
834
684
761
493
683
489
598
118
453
108
694
542
577
136
836
960
90
277
964
195
586
6
752
919
880
752
123
363
356
505
720
215
114
529
847
941
723
841
960
498
682
464
544
305
151
646
444
587
482
41
195
43
670
791
847
976
291
263
393
938
246
30
19
219
566
567
969
922
147
357
170
405
617
840
775
168
942
535
903
756
163
553
362
34
89
769
479
224
444
196
703
431
971
990
203
377
158
623
201
49
511
623
590
462
854
116
312
719
649
502
633
845
325
767
515
610
690
193
506
560
40
713
577
310
857
908
725
962
8
913
301
219
41
204
297
490
735
670
854
489
479
664
612
30
327
750
784
326
631
174
846
756
831
497
77
286
601
98
707
610
682
725
175
606
254
540
690
672
224
302
722
167
468
755
883
525
827
33
7
750
327
660
273
507
390
337
614
624
761
277
561
960
627
236
185
865
787
194
885
102
463
619
743
758
657
775
503
9
726
315
319
820
566
165
295
303
561
786
331
730
857
840
239
379
602
928
253
401
618
14
769
122
25
871
602
189
648
51
386
624
348
515
46
32
711
837
537
574
685
824
672
245
245
207
380
190
294
43
188
516
540
479
685
226
5
833
714
76
886
876
904
286
836
33
309
924
108
816
819
950
388
177
484
680
987
173
815
452
937
570
160
185
572
172
869
25
981
990
762
586
375
563
210
440
425
716
978
592
510
262
693
716
112
220
186
925
224
951
818
57
368
974
283
809
572
55
608
850
551
418
446
630
656
257
812
115
56
527
948
213
22
688
751
168
63
483
711
668
789
477
494
759
122
138
739
37
128
716
36
422
626
196
207
939
101
311
668
679
231
633
446
241
184
693
806
607
791
832
251
793
994
439
162
406
470
209
273
718
435
362
574
191
41
679
653
147
712
37
141
121
871
14
714
527
75
417
877
347
280
291
50
407
108
161
651
385
484
154
251
534
319
344
856
484
381
791
226
372
270
918
454
352
416
875
112
165
771
341
541
330
652
440
753
173
334
899
64
624
124
310
807
807
591
327
206
903
704
307
193
918
484
840
316
645
144
631
362
183
546
160
579
883
278
266
85
870
172
617
233
573
638
983
237
399
521
987
448
984
620
750
486
755
379
616
112
228
408
445
356
630
721
797
814
60
785
157
778
946
799
543
195
845
840
385
796
781
47
687
326
173
245
641
519
46
832
329
964
156
374
284
911
856
948
315
909
217
474
250
5
889
74
730
12
967
23
206
409
517
408
477
479
888
255
891
274
275
279
851
524
857
170
929
744
367
987
192
487
723
959
242
530
745
702
229
859
267
819
896
56
503
965
231
918
822
987
98
210
937
862
910
432
671
656
701
771
308
435
130
493
416
567
992
156
819
279
740
616
317
132
873
720
209
855
506
557
79
872
67
233
525
781
338
851
557
251
314
496
631
373
326
378
352
369
980
909
896
97
686
502
831
917
291
93
204
598
41
819
621
690
538
733
449
917
514
698
293
375
411
824
62
760
810
732
555
628
103
380
59
750
773
962
59
993
74
797
50
127
424
688
729
457
954
145
905
212
963
710
950
936
743
37
788
596
611
529
85
534
760
81
702
413
888
853
144
69
227
441
880
301
40
860
741
286
341
457
381
189
861
115
350
661
254
526
967
816
391
795
775
44
973
831
256
574
581
693
184
317
612
347
561
341
298
920
18
165
460
154
320
967
807
759
378
82
7
700
474
250
660
940
512
846
218
376
421
432
804
771
188
629
328
793
408
376
451
969
883
500
535
355
826
355
694
110
918
905
581
455
38
459
633
305
493
2
998
716
975
908
503
736
824
856
380
624
737
623
813
204
185
557
167
27
782
38
464
173
52
142
253
523
538
113
153
995
982
479
204
7
294
535
676
412
661
452
136
248
964
900
885
757
84
160
320
357
430
67
406
831
454
77
311
661
902
485
924
295
100
109
38
324
10
404
637
393
755
760
456
856
551
41
360
825
491
367
138
400
875
622
291
200
675
286
442
922
312
314
474
545
642
646
389
854
424
794
319
461
767
819
866
932
732
742
771
821
375
742
413
448
328
415
973
320
935
848
443
653
941
540
461
739
685
725
585
996
330
924
161
192
547
348
626
490
159
1
641
779
975
998
780
371
294
67
778
384
937
715
463
58
125
182
304
399
466
385
485
168
748
753
334
627
254
902
279
113
698
744
641
378
480
849
32
95
270
258
754
388
900
815
825
398
261
771
381
227
559
909
823
57
680
626
666
771
335
987
947
982
814
214
622
853
77
912
666
72
409
160
164
328
922
787
187
767
18
200
169
252
468
187
167
155
576
998
341
428
877
332
53
830
828
997
838
169
423
731
932
334
207
857
714
856
650
610
53
83
954
170
492
51
147
287
621
312
950
358
94
523
333
737
773
73
720
937
818
511
612
647
403
768
840
480
523
85
834
97
478
123
464
308
908
187
906
604
1
220
985
542
594
329
897
330
7
129
548
90
48
695
301
173
297
184
477
760
430
321
733
840
519
449
98
932
592
356
451
147
92
185
387
160
477
625
742
64
63
332
185
867
813
963
318
79
522
107
830
315
608
846
435
660
834
373
296
433
149
282
674
443
489
370
944
942
249
342
429
110
42
633
255
549
290
814
227
201
908
352
945
604
855
798
54
212
664
572
616
499
742
348
28
355
248
370
791
875
589
291
656
218
256
727
62
181
949
458
634
578
393
727
156
970
415
398
461
277
375
845
145
904
731
315
30
563
967
254
823
162
240
351
189
200
706
989
514
579
852
425
139
384
168
447
815
174
458
490
906
492
870
391
744
183
220
448
929
915
755
668
299
206
908
392
73
516
580
195
901
364
992
561
873
146
883
18
145
185
384
703
98
70
799
127
358
631
609
298
824
905
815
188
997
955
857
890
247
885
296
584
823
683
999
440
112
401
662
955
187
306
104
220
490
65
393
793
42
714
195
100
243
25
949
829
279
55
356
831
785
789
985
579
21
640
886
545
328
143
653
951
855
476
470
744
728
800
265
421
978
154
791
136
962
209
674
506
526
567
742
890
944
345
273
94
753
14
631
379
77
367
302
892
169
756
260
831
298
788
443
492
233
612
396
519
637
480
83
461
779
686
746
29
200
367
836
839
241
28
123
867
936
692
787
845
821
772
185
710
422
420
454
486
414
465
154
677
848
119
309
670
25
32
273
376
861
104
949
880
98
40
284
341
30
735
193
337
456
402
423
716
153
356
959
787
77
315
31
852
392
238
879
46
655
976
476
246
913
613
457
672
819
534
276
115
347
891
816
871
734
327
451
129
934
397
776
334
150
162
558
691
130
125
289
532
371
584
613
679
772
964
53
498
884
454
947
272
306
778
222
628
734
873
459
535
130
41
418
6
575
923
190
439
949
633
209
533
182
909
534
504
889
99
173
987
535
375
159
748
969
579
858
136
240
468
81
2
560
491
532
443
587
443
811
628
968
885
615
915
249
430
590
690
239
142
95
912
54
236
462
790
254
770
504
724
141
110
946
886
42
780
539
461
486
746
834
704
216
419
134
510
585
809
346
288
49
493
973
256
59
158
16
764
552
811
876
121
414
447
968
862
714
334
780
853
723
873
156
715
360
440
193
15
824
910
512
740
172
563
567
927
464
360
839
318
946
540
340
205
346
825
794
714
495
476
867
189
581
55
233
112
232
198
909
615
501
628
972
953
270
740
180
149
115
475
396
373
990
310
391
936
989
252
220
188
